12 95
106 122 123 133 143 166 197
201 206 221 225 245 248 252 254 260 273
300 303 312 318 335 353 377 398
414 418 427 445 458 464
500 505 522 552 555 565 570 588
606 646 668 678 690 691
706 738 760 765 777 781 797
811 829 833 841 849 851 876 888 896 897
917 922 923 945 968 972 979 985
1027 1052 1064 1069 1079 1085 1086
1105 1114 1117 1128 1139 1158 1171 1187 1192
1212 1224 1244 1257 1259 1298
1192 -1 829 11 606 -1 -1 915 -1 12 565 987 922 -1 690 952 968 13 254 464 122 273 500 -1 -1 888 904 -1 945 166 -1 691 1298 -1 1069 -1 14 -1 522 -1 -1 -1 -1 1212 -1 923 -1 922 15 -1 -1 942 458 -1 -1 -1 1114 777 -1 1224 -1 951 303 -1 841 570 -1 -1 -1 16 -1 -1 -1 -1 668 973 985 -1 123 133 646 -1 760 -1 -1 -1 -1 -1 -1 -1 -1 -1 -1 -1 -1
