20 407
10 16 17 18 24 25 30 31 32 35 36 38 41 44 49 53 55 56 57 61 69 71 72 79 85 91 92 96
110 111 117 119 120 121 122 124 126 127 129 132 133 134 137 139 140 143 145 149 150 151 152 154 157 158 162 163 165 167 168 175 177 178 179 191 192 193 196
213 217 218 221 224 226 232 234 235 237 241 242 243 248 254 259 261 262 263 264 269 282 287 288 292 294 298
310 311 314 315 318 320 321 324 326 327 328 331 336 339 343 344 346 351 353 354 360 361 369 370 372 373 375 376 378 383 384 385 386 387 389 392
410 411 412 413 414 416 419 420 425 426 434 439 441 443 444 445 448 449 452 455 456 457 461 466 469 470 471 480 481 484 485 486 491 493 495
510 511 514 518 519 521 525 527 534 537 539 547 549 551 553 555 557 559 560 564 565 566 572 573 575 577 582 583 584 585 587 589 592 598
618 621 623 625 627 628 632 634 635 636 640 645 655 658 659 666 667 677 687 689 695
711 712 723 729 731 733 734 735 736 740 742 745 746 754 755 756 757 758 759 760 763 765 771 775 777 779 782 789 798
816 817 821 823 825 826 827 834 836 841 844 845 849 851 852 853 854 855 856 860 861 862 863 864 866 868 873 875 879 885 887 889 894 895 897
910 916 928 935 939 942 947 954 957 971 975 976 978 982 984 985 990 991 995 998
1017 1018 1019 1023 1029 1033 1037 1039 1044 1049 1050 1052 1054 1057 1065 1066 1069 1070 1071 1073 1075 1076 1077 1078 1079 1080 1082 1083 1085 1086 1087 1092 1095 1097
1110 1111 1115 1116 1118 1120 1125 1128 1131 1132 1133 1137 1140 1144 1148 1150 1151 1153 1162 1163 1168 1173 1176 1178 1180 1185 1188 1192 1193 1197
1212 1215 1216 1217 1218 1219 1220 1225 1230 1232 1234 1237 1238 1241 1248 1250 1254 1256 1257 1258 1262 1268 1273 1274 1279 1280 1281 1283 1288 1289
1310 1313 1316 1319 1320 1328 1329 1331 1336 1341 1347 1353 1354 1356 1361 1367 1368 1372 1374 1376 1378 1381 1387 1391 1397
1411 1412 1418 1419 1423 1425 1429 1434 1439 1440 1441 1442 1446 1447 1449 1452 1455 1462 1465 1469 1471 1472 1477 1478 1482 1485 1490 1493 1494 1495 1496 1497 1498
1510 1512 1514 1515 1517 1519 1520 1521 1522 1523 1524 1526 1527 1533 1534 1536 1537 1538 1542 1551 1553 1554 1555 1556 1558 1563 1564 1565 1568 1569 1572 1577 1585 1587 1589 1590 1593 1597
1610 1611 1612 1616 1619 1626 1636 1637 1642 1643 1654 1655 1656 1658 1661 1663 1668 1669 1670 1672 1676 1683 1687 1690 1692 1694 1696 1697 1698
1713 1714 1715 1716 1717 1719 1721 1723 1726 1728 1730 1733 1737 1738 1739 1742 1744 1746 1747 1748 1751 1753 1755 1756 1761 1762 1767 1768 1769 1771 1774 1780 1782 1786 1793 1794 1798
1812 1814 1821 1823 1824 1827 1831 1832 1833 1839 1843 1847 1850 1869 1873 1874 1882 1884 1887 1888 1889 1893
1912 1913 1915 1917 1920 1922 1925 1928 1933 1937 1939 1940 1942 1943 1944 1946 1947 1950 1954 1955 1957 1959 1961 1963 1965 1966 1969 1970 1973 1976 1977 1979 1980 1983 1984 1986 1988 1997
1869 10931 10735 549 10308 1619 1517 -1 -1 10028 -1 10519 518 10297 -1 10452 1585 -1 386 55 167 -1 -1 1493 10532 10263 1747 10067 868 10601 10817 -1 143 10197 -1 10914 827 1391 1939 10261 10862 1979 263 723 10081 990 -1 10967 1439 777 -1 729 733 -1 -1 -1 10607 559 1069 10836 1786 -1 585 10960 10510 -1 10728 10659 1976 10572 659 369 -1 -1 10140 1078 1963 736 10605 85 -1 10449 10793 1794 -1 10825 10009 -1 10380 1597 10500 -1 -1 360 10381 519 910 655 1698 1942 10899 1721 735 -1 628 -1 1079 789 677 -1 -1 10676 10600 -1 10469 10655 1959 1824 79 -1 -1 -1 1626 10453 10405 10392 445 -1 -1 -1 232 10219 196 1746 10108 -1 10454 -1 10953 1572 1057 640 10488 1847 584 -1 1354 10878 1643 1087 10777 -1 10829 292 449 10577 -1 10276 10419 10260 -1 1429 1381 10545 10436 1361 1248 10631 361 779 1125 -1 221 10827 1884 -1 1692 1478 1320 1193 10456 10789 -1 235 1839 10823 -1 336 1920 10549 1654 10751 10831 -1 -1 -1 10553 -1 10583 1798 971 -1 10443 10277 623 1555 10053 1049 947 1961 -1 10704 10760 -1 444 1029 -1 -1 1133 10762 378 1472 10345 1258 -1 -1 10708 10199 -1 1636 10756 1310 1833 564 -1 31 817 1521 -1 343 1283 -1 1843 10018 36 10864 740 10347 10872 10964 1887 -1 1771 10205 527 96 218 1341 10064 217 -1 -1 -1 -1 -1 -1 10976 10905 687 -1 10097 310 -1 -1 1642 10484 -1 -1 -1 1565 10671 1748 -1 1728 10790 129 18 -1 10041 91 10087 10225 10233 -1 1656 10996 -1 1495 1423 954 -1 -1 1075 -1 -1 1831 -1 -1 -1 -1 -1 -1 -1 -1 -1 -1 -1 -1 -1 -1 -1 -1 -1 -1 -1 -1 -1 -1 -1 -1 -1 -1 -1 -1 -1 -1 -1 -1 -1 -1 -1 -1 -1 -1 -1 -1 -1 -1 -1 -1 -1 -1 -1 -1 -1 -1 -1 -1 -1 -1 -1 1839 1887 -1 1847 71 1884 -1 32 1831 471 -1 1824 -1 1887 470 -1 10455 1833 -1 -1 -1 1839 -1 1831 1884 -1 1824 -1 1843 -1 1847 -1 1831 -1 1839 -1 -1 -1 -1 -1 -1 -1 -1 -1 -1 -1
