1869
10931
10735
549
518
10308
1619
1517
1585
10028
10519
10297
10452
386
55
167
143
1493
1439
10532
10263
1747
1786
1794
1721
10067
868
827
10601
10817
10197
10914
1391
1939
1979
1976
1963
1942
1959
10261
10862
263
232
292
221
235
723
777
729
733
736
735
789
779
10081
990
910
971
947
10967
10607
559
585
519
584
564
527
1069
1078
1079
1057
1087
1049
1029
10836
10960
10510
10728
10659
10572
659
655
628
677
640
623
687
369
360
361
336
378
343
310
10140
10605
85
79
31
36
96
18
91
10449
10793
10825
10009
10380
1597
1572
1555
1521
1565
10500
10381
1698
1626
1643
1692
1654
1636
1642
1656
10899
10676
10600
10469
10655
1824
1847
1884
1839
1833
1843
1887
1831
1839
1887
1847
1884
1831
1824
1887
1833
1839
1831
1884
1824
1843
1847
1831
1839
10453
10405
10392
445
449
444
471
470
