1 1 1.5625
1 2 3.125
1 3 4.6875
1 4 6.25
1 5 7.8125
1 6 9.375
1 7 10.9375
1 8 12.5
1 9 14.0625
2 1 3.125
2 2 6.25
2 3 9.375
2 4 12.5
2 5 15.625
2 6 18.75
2 7 21.875
2 8 25.0
2 9 28.125
3 1 4.6875
3 2 9.375
3 3 14.0625
3 4 18.75
3 5 23.4375
3 6 28.125
3 7 32.8125
3 8 37.5
3 9 42.1875
4 1 6.25
4 2 12.5
4 3 18.75
4 4 25.0
4 5 31.25
4 6 37.5
4 7 43.75
4 8 50.0
4 9 56.25
5 1 7.8125
5 2 15.625
5 3 23.4375
5 4 31.25
5 5 39.0625
5 6 46.875
5 7 54.6875
5 8 62.5
5 9 70.3125
6 1 9.375
6 2 18.75
6 3 28.125
6 4 37.5
6 5 46.875
6 6 56.25
6 7 65.625
6 8 75.0
6 9 84.375
7 1 10.9375
7 2 21.875
7 3 32.8125
7 4 43.75
7 5 54.6875
7 6 65.625
7 7 76.5625
7 8 87.5
7 9 98.4375
8 1 12.5
8 2 25.0
8 3 37.5
8 4 50.0
8 5 62.5
8 6 75.0
8 7 87.5
8 8 100.0
8 9 112.5
9 1 14.0625
9 2 28.125
9 3 42.1875
9 4 56.25
9 5 70.3125
9 6 84.375
9 7 98.4375
9 8 112.5
9 9 126.5625
