905810 40
41992 68081
20042 90243
21021 120093
39650 123974
45841 68989
13027 59322
27896 96423
38415 74811
48679 55488
44145 110319
26702 139394
17042 68873
12439 60556
28095 88896
17130 100624
20359 65092
46712 92762
30867 67605
46677 79175
44754 62885
47681 109895
15166 110422
38042 53997
33935 102206
34733 129762
27611 87632
40707 95343
10624 112465
35679 62040
21280 76682
33527 109771
49449 118264
11742 63782
26708 52390
14603 119158
17843 93897
41367 120881
45789 118864
48865 56322
11439 70067
