1000000 40
166466 204025
321277 265277
239842 531364
87236 138236
258351 265669
370870 461137
81426 139194
283709 509588
46463 76793
83563 51703
36062 248916
432698 280814
171313 469428
271530 515544
300017 582817
116093 74312
367717 513281
469757 217435
476692 299484
329295 325738
219725 460043
38893 90758
281722 221833
68878 106443
449360 512911
422002 295141
324081 366264
75447 149595
268685 202780
269973 547955
64987 122842
372357 378943
180707 368208
101924 160785
195444 378461
252049 232953
454282 369600
103850 91853
310331 496526
95181 233013
