999999 40
20134 102345
40218 124567
60346 146789
80412 168901
100278 189012
120334 209123
140456 229234
160512 249345
180678 269456
200734 289567
220890 309678
240912 329789
260178 349890
280234 369901
300456 389012
320512 409123
340678 429234
360734 449345
380890 469456
400912 489567
420178 509678
440234 529789
460456 549890
480512 569901
500678 589012
520734 609123
540890 629234
560912 649345
580178 669456
600234 689567
620456 709678
640512 729789
660678 749890
680734 769901
700890 789012
720912 809123
740178 829234
760234 849345
780456 869456
800512 889567
